Puntos fuera de los límites:
l_x = [17.62, 15.58, 16.48, 16.18, 17.7, 16.52, 16.419999999999998, 16.36, 17.14, 15.82, 16.78, 15.76, 17.78, 16.14, 15.879999999999999, 15.72, 16.38, 16.18, 16.4, 16.06, 16.66, 15.72, 15.74, 16.02, 17.08, 15.92, 16.4, 15.74, 16.66, 16.96, 16.9, 16.18, 15.52, 16.8, 17.16, 16.4, 16.2, 16.42, 14.5, 14.48]

Estratificación C:
l_x = [17.62, 15.58, 16.48, 16.18, 17.7, 16.52, 16.419999999999998, 16.36, 17.14, 15.82, 16.78, 15.76, 17.78, 16.14, 15.879999999999999, 15.72, 16.38, 16.18, 16.4, 16.06, 16.66, 15.72, 15.74, 16.02, 17.08, 15.92, 16.4, 15.74, 16.66, 16.96, 16.9, 16.18, 15.52, 16.8, 17.16, 16.4, 16.2, 16.42, 14.5, 15.0]

Estratificación B:

l_x = [17.62, 15.58, 16.48, 16.18, 17.7, 16.52, 16.419999999999998, 16.36, 17.14, 15.82, 16.78, 15.76, 17.78, 16.14, 15.879999999999999, 15.72, 16.38, 16.18, 16.4, 16.06, 16.66, 15.72, 15.74, 16.02, 17.08, 15.92, 16.4, 15.74, 15.42, 17.22, 15.41, 15.23, 17.02, 17.47, 17.19, 17.28]

Secuencia tipo I:

l_s = [1.1840608092492546, 1.188276062201036, 0.4969909455915676, 1.2049896265113655, 1.7734147850968198, 2.070507184242546, 0.8871302046486744, 0.9343446901438462, 1.3352902306240397, 1.2517987058628872, 0.13038404810405196, 1.415273825095342, 1.4096098751072932, 1.4638989036132246, 1.138859078200635, 1.492313639956427, 0.5263078946776314, 0.5890670590009254, 1.294217910554478, 0.37, 0.48, 0.78, 0.66, 0.11, 0.12, 0.31, 0.74]

Secuencia tipo II:

l_x = [17.62, 15.58, 16.48, 16.18, 17.7, 16.52, 16.419999999999998, 16.36, 17.14, 15.82, 16.78, 15.76, 17.78, 16.14, 15.879999999999999, 15.72,  16.18, 16.4, 16.06,15.11, 14.89, 16.28, 14.61,16.45,15.78, 14.7, 15.79, 14.63, 15.87, 15.06]

Secuencia tipo III:

l_s = [1.1840608092492546, 1.188276062201036, 0.4969909455915676, 1.2049896265113655, 1.7734147850968198, 2.070507184242546, 0.8871302046486744, 0.9343446901438462, 1.3352902306240397, 1.2517987058628872, 1.415273825095342, 1.4096098751072932, 1.4638989036132246, 1.138859078200635, 1.492313639956427, 0.5263078946776314, 0.5890670590009254, 2.4, 2.12, 2.41, 1.71,1.094217910554478,2.34, 1.28,1.13038404810405196,2.54, 1.89,2.55, 1.95, 2.26, 1.51]

Estratificación A:

l_x = [17.62, 15.58, 16.48, 16.18, 17.7, 16.52, 16.419999999999998, 16.36, 17.14, 15.82, 16.78, 15.76, 17.78, 16.14, 15.879999999999999, 15.72,  16.18, 16.4, 17.06,16.89, 16.78, 15.93, 15.85, 15.82, 16.19, 16.48, 16.87, 16.7, 16.43, 16.21, 16.09, 15.88, 16.46, 16.42]

Secuencia IV:

l_s = [1.1840608092492546, 1.188276062201036, 0.4969909455915676, 1.2049896265113655, 1.7734147850968198, 2.070507184242546, 0.8871302046486744, 0.9343446901438462, 1.3352902306240397, 1.2517987058628872, 1.415273825095342, 1.4096098751072932, 1.4638989036132246, 1.138859078200635, 1.492313639956427, 0.5263078946776314, 2.06, 1.32, 2.06, 0.5890670590009254, 2.12, 2.41, 1.71, 1.094217910554478, 2.34, 1.28, 2.4, 1.130384048104052, 2.54, 1.89, 2.55, 1.95, 2.26]

Secuencia V:
l_s = [1.1840608092492546, 1.188276062201036, 0.4969909455915676, 1.2049896265113655, 1.7734147850968198, 2.070507184242546, 0.8871302046486744, 0.9343446901438462, 1.3352902306240397, 1.2517987058628872, 1.415273825095342, 1.4096098751072932, 1.4638989036132246, 1.138859078200635, 1.492313639956427, 1.27, 1.37, 1.74, 1.32, 0.5263078946776314, 2.06, 2.34, 2.0, 0.5890670590009254, 1.28, 1.094217910554478, 2.4, 2.12, 2.41, 1.71, 1.130384048104052, 2.54, 1.89, 2.55, 1.95, 2.26]   