520
516
517
518
515
515
516
515
518
517
512
515
518
515
518
516
517
516
519
518
517
516
519
515
517
518
514
516
517
518
516
518
516
515
517
515
518
514
516
516
517
519
515
519
517
518
518
517
517
517
516
519
515
519
518
518
518
518
518
515
516
518
517
516
518
515
517
514
516
518
517
516
516
518
515
517
517
516
516
516
517
516
519
518
518
517
519
516
516
517
518
518
513
517
519
520
516
517
518
520
516
519
519
519
516
520
518
519
517
518
518
518
515
515
515
518
517
516
518
517
518
516
519
516
517
518
516
519
520
518
517
517
515
517
516
518
519
518
514
517
515
517
516
519
516
517
518
517
517
517
516
515
520
518
517
518
517
518
518
518
516
517
516
515
516
515
519
518
518
517
519
517
517
515
517
519
517
518
515
518
515
517
518
518
518
516
519
519
517
516
517
515
518
516
519
518
518
517
516
517
515
517
518
516
518
517
516
516
517
514