508
504
505
506
503
503
504
503
506
505
500
503
506
503
506
504
505
504
507
506
505
504
507
503
505
506
502
504
505
506
504
506
504
503
505
503
506
502
504
504
505
507
503
507
505
506
506
505
505
505
504
507
503
507
506
506
506
506
506
503
504
506
505
504
506
503
505
502
504
506
505
504
504
506
503
505
505
504
504
504
505
504
507
506
506
505
507
504
504
505
506
506
501
505
507
508
504
505
506
508
504
507
507
507
504
508
506
507
505
506
506
506
503
503
503
506
505
504
506
505
506
504
507
504
505
506
504
507
508
506
505
505
503
505
504
506
507
506
502
505
503
505
504
507
504
505
506
505
505
505
504
503
508
506
505
506
505
506
506
506
504
505
504
503
504
503
507
506
506
505
507
505
505
503
505
507
505
506
503
506
503
505
506
506
506
504
507
507
505
504
505
503
506
504
507
506
506
505
504
505
503
505
506
504
506
505
504
504
505
502