503
505
503
506
504
504
505
506
505
504
504
507
504
503
503
505
504
506
504
506
506
504
507
507
506
506
504
505
505
504
508
505
506
503
505
505
504
505
506
507
505
506
505
507
504
505
502
506
506
509
505
507
505
503
505
506
506
503
507
504
508
508
505
503
505
504
503
503
504
504
505
507
502
503
505
504
505
504
506
506
504
505
504
504
504
505
507
506
503
506
505
506
503
505
507
504
505
508
503
504
503
504
506
506
504
506
506
507
507
502
504
502
504
503
506
505
505
506
505
503
502
504
502
505
505
507
503
506
506
502
506
507
504
506
507
505
507
506
503
504
506
505
505
505
506
505
507
504
505
504
504
507
505
504
504
505
503
507
506
506
510
506
503
507
507
508
503
506
506
509
507
506
509
506
504
505
502
505
505
507
504
505
506
505
505
503
505
508
502
502
506
505
505
506
504
504
507
505
506
505
504
503
505
503
503
506
506
504
503
504