505
504
505
505
503
504
505
505
506
502
502
504
505
503
502
502
504
505
504
506
505
504
504
503
504
508
503
503
503
505
503
504
507
506
504
506
502
503
505
503
502
505
503
504
505
504
504
501
503
501
504
503
502
501
502
504
504
504
505
506
505
504
502
505
504
506
506
504
504
501
504
504
506
502
502
504
505
505
503
506
504
504
502
504
504
507
504
506
502
504
506
503
505
502
506
501
503
505
505
506
503
502
504
502
503
505
503
506
503
502
504
505
504
504
504
504
504
506
505
502
505
503
504
506
505
505
503
502
503
504
504
504
503
501
506
505
505
502
506
503
507
506
504
504
504
503
504
506
503
505
503
505
505
506
504
506
504
505
502
505
506
504
503
506
506
504
502
504
506
506
504
503
502
505
504
504
504
503
505
505
504
505
503
504
504
506
505
505
504
505
505
504
502
503
504
503
505
506
503
504
503
500
505
503
507
504
506
503
505
506