38.0
40.2
42.1
43.3
39.9
43.7
38.1
41.2
47.0
48.4
49.3
46.5
45.3
48.2
47.5
44.5
47.5
49.8
48.9
48.6
46.7
49.3
49.0
44.3
48.3
48.8
47.1
48.0
49.0
47.7
49.1
48.3
45.8
48.1
45.1
44.4
47.2
46.6
46.0
47.1
49.9
48.5
46.0
49.5
48.2
49.6
46.9
44.9
44.5
49.9
48.5
44.4
46.1
49.2
45.8
45.0
55.7
50.5
55.4
52.0
52.0
50.9
52.5
53.9
55.8
52.8
52.5
54.1
50.5
52.0
52.8
55.5
52.9
51.8
54.0
54.0
54.5
52.8
50.4
52.2
55.3
55.8
55.8
52.3
50.8
53.0
55.6
55.2
54.0
50.2
50.4
54.5
50.0
54.3
52.6
54.0
50.9
51.7
54.8
52.5
54.8
50.7
51.5
50.1
52.6
55.3
52.5
50.9
52.5
54.7
52.6
51.1
52.5
52.0
55.0
51.4
52.6
51.1
55.2
50.5
55.4
52.2
54.5
55.1
54.5
51.1
51.7
54.6
55.0
54.5
52.9
53.0
52.4
52.7
53.6
55.8
54.5
50.2
53.3
50.4
54.8
51.0
52.7
55.1
55.9
53.5
52.4
54.7
51.7
52.5
52.4
51.5
54.0
53.4
50.2
51.1
54.7
55.9
53.2
51.6
54.2
50.9
54.3
51.0
54.2
51.5
54.6
51.8
51.0
53.4
54.4
51.0
55.4
52.2
55.1
52.1
53.0
51.2
53.4
50.8
53.9
55.2
50.2
51.0
53.8
54.9
55.3
52.5
53.6
53.0
52.0
50.1
54.9
50.4
55.0
53.5
55.4
53.0
55.8
51.1
52.3
52.8
56.0
55.3
51.0
50.0
53.3
52.3
53.0
53.3
51.0
53.3
55.9
54.5
51.2
55.3
54.4
54.7
51.8
53.2
59.1
57.7
56.7
61.6
61.4
56.1
60.2
57.9
59.5
61.6
60.6
57.0
56.3
58.7
59.3
57.4
59.1
57.8
56.6
61.3
61.3
58.8
60.2
56.1
58.9
56.5
58.9
56.1
58.7
59.9
60.9
60.1
59.7
59.4
61.1
57.7
61.2
57.6
57.0
59.8
56.6
56.6
61.8
60.0
56.0
58.0
59.2
57.2
58.9
58.5
60.8
61.6
60.7
61.2
60.5
56.6
56.9
59.5
62.0
58.5
59.1
56.1
60.0
59.8
58.8
60.6
60.6
59.3
60.5
59.8
56.9
61.1
57.8
57.3
61.8
61.2
61.2
56.9
58.5
58.8
56.7
61.3
58.7
61.7
61.1
60.7
61.9
60.0
59.9
57.5
59.2
56.0
58.2
57.6
61.3
58.5
56.6
58.5
59.6
58.5
60.4
57.4
59.8
61.9
58.7
60.2
57.4
60.4
56.0
59.4
57.0
58.6
57.9
60.8
60.5
58.1
61.2
61.1
56.6
58.2
56.3
57.5
61.6
59.9
59.6
58.6
56.1
60.5
59.9
57.9
57.3
60.7
61.0
56.9
60.7
58.0
56.8
56.1
56.1
57.2
62.0
60.2
57.0
59.4
61.9
60.7
58.1
57.0
57.7
61.5
58.2
58.5
59.1
56.2
60.2
61.6
61.6
57.0
56.1
56.9
57.0
59.1
59.1
56.2
60.1
57.1
61.9
57.8
57.2
59.6
60.4
60.0
57.6
59.4
61.3
58.6
57.1
58.1
60.3
60.4
58.6
60.6
60.9
61.8
56.2
59.0
56.8
58.6
57.8
59.6
60.8
60.0
59.1
58.8
59.6
60.7
58.6
58.7
61.1
58.1
58.6
56.2
57.3
57.4
60.3
61.6
59.2
58.1
56.8
56.6
58.8
59.1
61.6
61.5
57.3
60.5
61.5
61.8
57.2
59.4
57.4
57.0
60.9
59.3
58.0
59.8
57.2
58.4
57.8
59.9
60.5
58.0
57.7
66.3
64.0
65.8
64.7
63.8
63.1
64.3
62.8
64.3
66.8
63.8
65.6
63.6
67.5
62.2
64.7
65.8
65.6
62.5
66.3
62.0
63.2
63.6
63.9
66.1
63.5
67.2
67.3
64.2
65.7
67.0
62.4
62.2
65.0
65.2
67.5
62.7
67.3
67.8
65.0
65.3
65.0
63.3
63.6
62.6
63.3
65.9
65.7
62.1
64.3
63.6
65.5
66.5
62.2
62.4
66.3
65.7
63.6
67.0
64.8
65.9
67.9
65.2
62.3
66.3
65.4
67.9
62.5
67.8
67.6
66.1
65.3
66.3
64.1
63.9
66.8
62.3
65.5
64.3
64.1
67.3
66.9
65.5
66.6
65.4
63.8
65.5
62.3
62.7
63.8
65.9
63.6
62.6
65.5
64.5
64.0
63.2
62.9
65.0
66.3
64.2
67.5
64.6
62.1
67.3
65.5
66.9
62.8
64.7
66.7
65.1
65.8
63.8
66.5
65.7
67.8
65.4
67.2
63.1
64.5
66.0
62.6
64.3
64.8
62.4
64.1
67.1
67.8
66.0
64.3
64.6
65.5
66.4
65.6
66.8
67.1
64.3
65.1
62.5
62.4
63.1
66.0
67.2
63.8
65.0
65.4
66.2
66.9
66.5
63.8
65.5
62.3
67.7
64.5
66.5
65.1
67.3
67.8
67.9
66.6
65.7
63.7
65.8
63.7
66.6
65.4
65.0
63.4
65.2
66.9
67.0
65.0
65.9
67.5
65.5
65.8
66.9
65.1
64.5
64.2
72.2
73.3
73.5
73.7
73.2
71.5
69.8
68.5
71.1
68.1
68.9
68.8
70.7
71.2
70.2
72.9
70.0
71.9
70.4
71.2
68.7
69.7
72.6
70.3
69.0
70.9
72.0
72.0
73.8
68.4
72.5
73.2
70.4
73.6
69.8
70.6
71.6
69.9
68.9
73.1
72.7
69.0
69.2
69.8
72.5
71.7
69.2
70.0
71.8
68.2
69.9
72.3
70.3
68.0
73.0
73.4
71.4
69.8
69.6
68.5
71.2
68.7
69.6
68.3
74.0
69.6
72.3
73.7
69.1
69.6
72.4
70.4
75.7
74.1
76.5
78.8
74.2
74.2
75.3
79.0
74.2
79.0
74.3
78.4
76.4
78.4
80.0