14.33
2.95
13.03
9.40
7.50
13.13
14.04
12.13
8.81
11.21
15.61
8.92
10.68
12.86
15.69
11.27
16.88
10.69
9.09
21.75
13.66
8.23
8.42
14.70
12.41
15.08
15.19
13.17
11.50
10.31
16.93
13.38
9.07
14.63
15.03
10.42
11.62
18.91
15.40
10.15
14.82
16.92
15.43
14.44
10.61
14.54
18.83
10.94
10.67
9.67
11.01
10.27
14.36
7.16
11.67
14.57
6.75
7.44
14.30
12.76
15.43
6.82
5.75
13.91
9.96
12.67
10.59
12.17
10.24
13.52
9.07
15.58
13.93
13.40
16.01
10.07
8.27
12.32
6.24
11.68
14.64
13.71
12.73
14.42
13.16
14.71
12.14
12.85
7.46
10.02