0.27
4.29
-7.72
2.87
-1.12
-2.60
2.97
3.55
1.81
-1.33
2.60
0.93
5.07
-1.80
0.52
2.70
5.53
1.20
6.64
0.23
3.71
3.61
2.36
4.01
2.23
4.50
1.50
2.84
-2.74
-0.56
1.74
3.37
2.98
5.27
-0.73
-2.34
1.89
-4.35
1.20
4.07
2.35
3.76
-0.73
2.48
-0.25
2.13
0.00
2.95
-1.87
5.42
2.95
1.14
3.67
-3.81
-3.13
3.64
2.46
4.55
-3.79
-4.41
-0.29
4.33
8.78
0.26
-0.20
-0.39
0.57
-0.63
3.62
-3.60
0.10
1.55
8.24
4.79
-0.11
4.54
6.52
4.57
4.29
-0.13
1.67
2.56
1.42
-0.14
6.27
3.16
-1.13
3.74
4.04
-0.27
1.78
-1.39
11.65
2.94
-2.68
-1.85
4.17
2.40
4.85
4.61