25.4
28.0
29.1
32.5
32.0
24.1
34.7
30.6
32.7
30.9
33.7
35.6
29.6
33.2
32.8
32.6
29.3
31.1
31.7
35.7
30.0
28.0
29.8
29.4
27.4
28.2
35.0
27.3
30.8
29.9
29.7
26.8
36.1
33.7
31.6
32.4
34.0
34.3
32.0
36.5
28.8
35.2
25.6
34.8
36.5
23.5
34.0
36.1
30.7
36.1
29.1
32.5
33.4
33.4
30.1
34.4
31.7
30.0
27.9
31.8
29.3
28.4
32.9
30.5
33.0
33.9
30.2
30.2
30.7
30.5
29.9
31.7
28.7
30.9
32.1
30.9
32.9
31.4
30.3
30.5
32.1
29.7
33.8
32.5
27.6
32.4
30.6
29.3
30.4
33.3
36.7
24.7
34.4
26.8
30.7
30.0
25.1
28.2
28.8
30.9
31.1
35.2
26.3
29.4
28.7
31.1
30.9
31.1
28.7
34.2
32.5
30.0
36.0
25.3
22.8
29.4
30.9
33.2
35.5
31.9
32.0
27.5
38.1
30.5
27.2
30.8
31.9
30.7
28.6
31.3
27.6
28.8
31.6
27.4
31.4
35.5
26.6
28.3
29.8
28.9
27.5
30.8
31.9
37.2
32.1
30.9
35.2
32.5
36.0
33.4
34.4
34.9
28.0
35.2
36.1
32.6
38.3
28.7
33.9
28.5
31.4
34.1
33.1
37.1
30.8
31.1
31.3
29.5
29.9
34.8
27.7
28.9
32.0
31.4
33.3
29.4
33.6
32.2
29.6
27.2
30.8
30.3
31.9
37.4
36.2
31.6
29.1
33.1
27.8
32.5
24.2
24.2
29.0
33.8
28.2
33.3
32.0
27.6
29.2
31.1
33.8
31.1
31.2
30.2
23.9
30.0
30.5
32.1
34.2
28.2
33.2
30.2
29.6
33.4
26.9
35.0
31.4
39.3
29.5
26.0
25.6
25.4
28.9
30.3
35.6
35.8
33.5
28.6
29.3
23.4
35.2
35.4
29.6
26.4
33.0
33.8
29.9
28.7
30.9
30.4
22.7
28.0
33.5
31.7
32.6
33.8
33.3
24.1
31.1
33.5
27.1
26.1
35.2
34.1
30.8
35.8
31.1
33.4
34.0
30.7
28.2
34.5
31.0
31.9
30.6
28.9
35.8
31.9
32.9
33.8
33.7
30.4
24.4
27.4
32.8
29.6
33.6
30.0
28.9
30.7
34.9
29.4
25.7
27.8
29.5
31.0
32.1
20.7
36.7
27.6
29.9
29.8
31.9
31.3
32.8
33.2
29.9
29.6
29.8
35.4
30.4
27.8
30.0
36.0
30.1
25.8
31.5
35.0
30.9
34.4
31.6
30.7
35.2
34.2
35.8
31.4
29.7
30.2
32.4
33.8
25.1
29.5
27.9
32.3
32.1
27.1
24.8
27.7
31.1
30.3
28.8
27.6
29.9
33.3
29.5
29.4
24.3
24.1
35.1
28.4
26.3
27.3
32.2
28.2
34.4
30.8
27.4
30.2
31.3
29.0
34.8
31.9
32.1
28.2
32.6
26.0
31.4
25.4
32.7
37.2
32.6
29.9
31.7
32.6
31.9
26.8
31.1
32.3
30.4
29.6
31.1
29.3
29.0
31.6
31.7
31.4
31.8
30.6
33.7
33.4
30.4
31.9
31.5
28.9
27.3
25.4
29.0
26.1
32.0
30.1
27.2
31.0
27.6
26.1
29.2
31.3
30.7
34.6
31.0
28.1
30.4
29.0
29.8
32.6
34.7
30.2
28.4
34.7
32.2
30.6
34.1
35.6
36.7
38.6
33.8
31.6
31.0
30.9
27.7
30.7
31.0
32.0
31.6
31.0
30.9
29.9
31.4
33.4
34.5
28.2
33.5
27.0
32.4
31.1
36.7
27.6
25.0
31.2
29.7
31.7
27.3
35.9
30.8
29.9
31.7
34.3
33.2
26.3
27.8
33.9
31.6
33.9
26.8
25.4
32.9
33.5
33.4
25.6
26.9
30.8
26.4
28.2
28.6
30.4
37.4
33.6
32.7
31.7
28.3
29.2
28.7
31.3
30.4
36.2
26.6
25.4
33.4
30.6
33.1
27.5
27.5
28.6
35.4
33.4
30.3
29.6
28.4
28.3
31.1
28.6
26.7
28.8
30.2
37.6
35.4
34.2
35.1
30.4
30.8
30.2
33.9
31.0
31.3
35.6
30.5
35.7
32.9
33.2
35.9
33.2
23.1
26.8
25.8
31.8
31.4
38.8
29.6
27.1
32.0
30.0
26.4
26.9
26.7
34.9
34.7
33.1
34.8
28.8
29.8
30.8
32.3
30.2
33.1
28.3
29.9
30.7
36.7
28.1
31.6
26.3
26.6
31.9
31.2
28.8
30.3
28.6
29.1
31.3
32.2
27.4
31.2
30.4
31.5
34.5
30.0
29.7
31.9
28.7
36.0
33.5
34.7
32.2
28.7
31.3
31.2
31.2
31.8
29.8
26.2
28.6
32.7
28.6
30.5
33.3
35.2
36.4
32.3
32.9
31.7
29.5
31.5
25.8
30.3
32.0
30.5
29.6
31.5
26.7
29.0
27.3
31.8
35.8
30.5
27.3
34.1
37.4
35.0
33.4
30.3
34.8
26.0
31.8
28.1
31.4
36.1
36.3
33.6
30.1
40.4
29.8
28.4
35.6
31.8
30.9
31.0
28.4
34.4
30.8
33.2
27.4
31.7
36.8
34.8
26.7
28.3
30.8
30.3
28.1
28.6
31.7
31.4
30.2
36.0
30.9
31.3
29.9
35.5
29.3
34.4
31.6
30.4
28.1
36.5
32.9
32.4
31.1
32.4
39.3
31.3
28.7
35.5
33.1
30.8
27.5
29.5
32.6
32.6
27.6
30.4
29.5
34.2
29.6
29.5
35.8
33.9
34.2
26.4
28.5
37.8
27.1
32.7
32.8
31.2
30.2
24.0
29.4
30.1
33.3
35.7
34.1
28.0
33.8
36.0
30.7
30.4
32.3
29.5
28.2
31.6
28.0
27.7
36.4
31.6
30.6
35.8
32.0
32.4
34.9
28.1
22.8
30.7
32.4
38.3
30.4
38.0
34.6
33.5
31.9
29.5
30.6
28.5
25.7
33.3
28.1
33.3
30.4
31.2
30.6
28.7
29.8