479
481
479
482
480
480
481
482
481
480
480
483
480
479
479
481
480
482
480
482
482
480
483
483
482
482
480
481
481
480
484
481
482
479
481
481
480
481
482
483
481
482
481
483
480
481
478
482
482
485
481
483
481
479
481
482
482
479
483
480
484
484
481
479
481
480
479
479
480
480
481
483
478
479
481
480
481
480
482
482
480
481
480
480
480
481
483
482
479
482
481
482
479
481
483
480
481
484
479
480
479
480
482
482
480
482
482
483
483
478
480
478
480
479
482
481
481
482
481
479
478
480
478
481
481
483
479
482
482
478
482
483
480
482
483
481
483
482
479
480
482
481
481
481
482
481
483
480
481
480
480
483
481
480
480
481
479
483
482
482
486
482
479
483
483
484
479
482
482
485
483
482
485
482
480
481
478
481
481
483
480
481
482
481
481
479
481
484
478
478
482
481
481
482
480
480
483
481
482
481
480
479
481
479
479
482
482
480
479
480