503
501
503
507
503
504
504
507
506
505
501
504
506
506
506
504
506
506
505
503
504
508
504
504
506
506
505
504
503
502
509
505
504
503
505
504
505
506
505
505
506
506
505
503
503
507
508
505
504
505
506
504
505
502
505
503
503
505
506
507
505
506
507
507
506
506
505
506
505
505
503
505
507
506
505
504
506
504
505
505
506
505
506
506
507
504
506
506
504
505
504
504
504
504
504
503
506
507
505
503
504
502
505
509
506
506
507
503
505
502
505
505
504
504
505
505
506
502
504
502
503
506
505
504
505
506
506
507
501
505
506
508
504
505
505
503
505
502
505
505
504
506
505
507
503
503
505
503
504
503
505
504
503
506
505
506
505
504
506
505
506
507
505
505
502
506
506
505
505
503
505
505
502
506
505
505
509
506
505
506
504
505
507
508
506
505
504
507
505
506
505
503
507
503
505
502
505
507
504
505
506
506
503
508
504
506
506
503
505
506