  0.0000   0.0000 1000000 1
 82.0713 137.3318   21352 1
 39.4895  81.3600   17811 1
 58.6312 151.0618   19557 1
 44.3135 143.1763    6440 1
 37.2939 100.0379   13474 1
-56.4356  48.6738  399619 1
 24.6152  51.6115  115249 1
 40.3244  85.4419   21167 1
 76.9998  99.6050   29824 1
 19.1417  -3.3707   81697 1
 67.6609 145.4956  132251 1
-19.1417  24.2132   36400 1
  3.7108  54.6729   15763 1
 53.1577 163.4313   11069 1
 33.0883 147.0418    9976 1
 23.2236  27.1509   57463 1
 31.4802 118.9941    8508 1
 31.7276 -13.1735   58122 1
 28.1096  31.6658   21055 1
 20.8734  36.1497   34522 1
 -2.1956 -19.9457  119532 1
 -5.4116  23.3473   11512 1
 46.6637 121.6844   37703 1
 53.8071 120.3856   13247 1
 60.8577 126.4776   14980 1
 24.9554  10.5450  304763 1
 30.7071  -2.3502   55137 1
 -0.3402  42.4890   16227 1
 25.8212  79.7211   14716 1
 40.6336 108.3873   32778 1
 32.4389  61.6617   18128 1
 65.4344  92.3379   45142 1
 49.1376 130.2503   16394 1
 22.2032  85.8749   18100 1
 35.7477  71.7737  211581 1
 87.1118 140.4860    5457 1
 35.5931 126.4157    7214 1
  8.6586  28.7590   11010 1
 15.1835  46.7874   16263 1
  2.8140  15.3381  110000 1
 50.0344 106.2226   45227 1
